CURRENT DISTRIBUTION ALONG ONE HALF OF THE DIPOLE
POSITION Z:   MAGNITUDE:       REAL PART:       IMAGINARY PART:      SECTION #:

0.4255       0.000044            0.000005        -0.000044          1.0 

0.4245       0.000058            0.000007        -0.000058          2.0 

0.4235       0.000075            0.000009        -0.000075          3.0 

0.4225       0.000091            0.000010        -0.000090          4.0 

0.4215       0.000106            0.000012        -0.000105          5.0 

0.4205       0.000121            0.000014        -0.000120          6.0 

0.4195       0.000135            0.000016        -0.000134          7.0 

0.4185       0.000149            0.000017        -0.000148          8.0 

0.4175       0.000162            0.000019        -0.000161          9.0 

0.4165       0.000176            0.000021        -0.000175          10.0 

0.4155       0.000189            0.000022        -0.000188          11.0 

0.4145       0.000202            0.000024        -0.000201          12.0 

0.4135       0.000215            0.000025        -0.000214          13.0 

0.4125       0.000228            0.000027        -0.000226          14.0 

0.4115       0.000240            0.000029        -0.000239          15.0 

0.4105       0.000253            0.000030        -0.000251          16.0 

0.4095       0.000265            0.000032        -0.000264          17.0 

0.4085       0.000278            0.000033        -0.000276          18.0 

0.4075       0.000290            0.000035        -0.000288          19.0 

0.4065       0.000302            0.000037        -0.000300          20.0 

0.4055       0.000314            0.000038        -0.000312          21.0 

0.4045       0.000326            0.000040        -0.000324          22.0 

0.4035       0.000338            0.000041        -0.000336          23.0 

0.4025       0.000350            0.000043        -0.000347          24.0 

0.4015       0.000362            0.000044        -0.000359          25.0 

0.4005       0.000373            0.000046        -0.000371          26.0 

0.3995       0.000385            0.000048        -0.000382          27.0 

0.3985       0.000397            0.000049        -0.000393          28.0 

0.3975       0.000408            0.000051        -0.000405          29.0 

0.3965       0.000420            0.000052        -0.000416          30.0 

0.3955       0.000431            0.000054        -0.000428          31.0 

0.3945       0.000442            0.000055        -0.000439          32.0 

0.3935       0.000453            0.000057        -0.000450          33.0 

0.3925       0.000465            0.000059        -0.000461          34.0 

0.3915       0.000476            0.000060        -0.000472          35.0 

0.3905       0.000487            0.000062        -0.000483          36.0 

0.3895       0.000498            0.000063        -0.000494          37.0 

0.3885       0.000509            0.000065        -0.000505          38.0 

0.3875       0.000520            0.000067        -0.000516          39.0 

0.3865       0.000531            0.000068        -0.000527          40.0 

0.3855       0.000542            0.000070        -0.000537          41.0 

0.3845       0.000553            0.000071        -0.000548          42.0 

0.3835       0.000563            0.000073        -0.000559          43.0 

0.3824       0.000574            0.000075        -0.000569          44.0 

0.3814       0.000585            0.000076        -0.000580          45.0 

0.3804       0.000595            0.000078        -0.000590          46.0 

0.3794       0.000606            0.000079        -0.000601          47.0 

0.3784       0.000617            0.000081        -0.000611          48.0 

0.3774       0.000627            0.000083        -0.000622          49.0 

0.3764       0.000638            0.000084        -0.000632          50.0 

0.3754       0.000648            0.000086        -0.000642          51.0 

0.3744       0.000658            0.000088        -0.000652          52.0 

0.3734       0.000669            0.000089        -0.000663          53.0 

0.3724       0.000679            0.000091        -0.000673          54.0 

0.3714       0.000689            0.000092        -0.000683          55.0 

0.3704       0.000699            0.000094        -0.000693          56.0 

0.3694       0.000709            0.000096        -0.000703          57.0 

0.3684       0.000720            0.000097        -0.000713          58.0 

0.3674       0.000730            0.000099        -0.000723          59.0 

0.3664       0.000740            0.000101        -0.000733          60.0 

0.3654       0.000750            0.000102        -0.000743          61.0 

0.3644       0.000759            0.000104        -0.000752          62.0 

0.3634       0.000769            0.000106        -0.000762          63.0 

0.3624       0.000779            0.000107        -0.000772          64.0 

0.3614       0.000789            0.000109        -0.000781          65.0 

0.3604       0.000799            0.000111        -0.000791          66.0 

0.3594       0.000808            0.000112        -0.000801          67.0 

0.3584       0.000818            0.000114        -0.000810          68.0 

0.3574       0.000828            0.000116        -0.000820          69.0 

0.3564       0.000837            0.000117        -0.000829          70.0 

0.3554       0.000847            0.000119        -0.000838          71.0 

0.3544       0.000856            0.000121        -0.000848          72.0 

0.3534       0.000866            0.000122        -0.000857          73.0 

0.3524       0.000875            0.000124        -0.000866          74.0 

0.3514       0.000884            0.000126        -0.000875          75.0 

0.3504       0.000894            0.000127        -0.000885          76.0 

0.3494       0.000903            0.000129        -0.000894          77.0 

0.3484       0.000912            0.000131        -0.000903          78.0 

0.3474       0.000921            0.000133        -0.000912          79.0 

0.3464       0.000930            0.000134        -0.000921          80.0 

0.3454       0.000940            0.000136        -0.000930          81.0 

0.3444       0.000949            0.000138        -0.000938          82.0 

0.3434       0.000958            0.000139        -0.000947          83.0 

0.3424       0.000966            0.000141        -0.000956          84.0 

0.3414       0.000975            0.000143        -0.000965          85.0 

0.3404       0.000984            0.000144        -0.000973          86.0 

0.3394       0.000993            0.000146        -0.000982          87.0 

0.3384       0.001002            0.000148        -0.000991          88.0 

0.3374       0.001010            0.000150        -0.000999          89.0 

0.3364       0.001019            0.000151        -0.001008          90.0 

0.3354       0.001028            0.000153        -0.001016          91.0 

0.3344       0.001036            0.000155        -0.001025          92.0 

0.3334       0.001045            0.000157        -0.001033          93.0 

0.3324       0.001053            0.000158        -0.001041          94.0 

0.3314       0.001062            0.000160        -0.001049          95.0 

0.3304       0.001070            0.000162        -0.001058          96.0 

0.3294       0.001078            0.000163        -0.001066          97.0 

0.3284       0.001086            0.000165        -0.001074          98.0 

0.3274       0.001095            0.000167        -0.001082          99.0 

0.3264       0.001103            0.000169        -0.001090          100.0 

0.3254       0.001111            0.000170        -0.001098          101.0 

0.3244       0.001119            0.000172        -0.001106          102.0 

0.3234       0.001127            0.000174        -0.001114          103.0 

0.3224       0.001135            0.000176        -0.001121          104.0 

0.3214       0.001143            0.000177        -0.001129          105.0 

0.3204       0.001151            0.000179        -0.001137          106.0 

0.3194       0.001159            0.000181        -0.001144          107.0 

0.3184       0.001166            0.000183        -0.001152          108.0 

0.3174       0.001174            0.000184        -0.001160          109.0 

0.3164       0.001182            0.000186        -0.001167          110.0 

0.3154       0.001189            0.000188        -0.001174          111.0 

0.3144       0.001197            0.000190        -0.001182          112.0 

0.3134       0.001204            0.000191        -0.001189          113.0 

0.3124       0.001212            0.000193        -0.001196          114.0 

0.3114       0.001219            0.000195        -0.001204          115.0 

0.3104       0.001227            0.000197        -0.001211          116.0 

0.3094       0.001234            0.000198        -0.001218          117.0 

0.3084       0.001241            0.000200        -0.001225          118.0 

0.3074       0.001248            0.000202        -0.001232          119.0 

0.3064       0.001255            0.000204        -0.001239          120.0 

0.3054       0.001263            0.000206        -0.001246          121.0 

0.3044       0.001270            0.000207        -0.001253          122.0 

0.3034       0.001277            0.000209        -0.001259          123.0 

0.3024       0.001284            0.000211        -0.001266          124.0 

0.3014       0.001290            0.000213        -0.001273          125.0 

0.3004       0.001297            0.000214        -0.001279          126.0 

0.2994       0.001304            0.000216        -0.001286          127.0 

0.2984       0.001311            0.000218        -0.001292          128.0 

0.2973       0.001317            0.000220        -0.001299          129.0 

0.2963       0.001324            0.000221        -0.001305          130.0 

0.2953       0.001330            0.000223        -0.001312          131.0 

0.2943       0.001337            0.000225        -0.001318          132.0 

0.2933       0.001343            0.000227        -0.001324          133.0 

0.2923       0.001350            0.000229        -0.001330          134.0 

0.2913       0.001356            0.000230        -0.001336          135.0 

0.2903       0.001362            0.000232        -0.001342          136.0 

0.2893       0.001368            0.000234        -0.001348          137.0 

0.2883       0.001375            0.000236        -0.001354          138.0 

0.2873       0.001381            0.000237        -0.001360          139.0 

0.2863       0.001387            0.000239        -0.001366          140.0 

0.2853       0.001393            0.000241        -0.001372          141.0 

0.2843       0.001399            0.000243        -0.001377          142.0 

0.2833       0.001404            0.000244        -0.001383          143.0 

0.2823       0.001410            0.000246        -0.001389          144.0 

0.2813       0.001416            0.000248        -0.001394          145.0 

0.2803       0.001422            0.000250        -0.001400          146.0 

0.2793       0.001427            0.000252        -0.001405          147.0 

0.2783       0.001433            0.000253        -0.001410          148.0 

0.2773       0.001438            0.000255        -0.001416          149.0 

0.2763       0.001444            0.000257        -0.001421          150.0 

0.2753       0.001449            0.000259        -0.001426          151.0 

0.2743       0.001455            0.000260        -0.001431          152.0 

0.2733       0.001460            0.000262        -0.001436          153.0 

0.2723       0.001465            0.000264        -0.001441          154.0 

0.2713       0.001470            0.000266        -0.001446          155.0 

0.2703       0.001475            0.000267        -0.001451          156.0 

0.2693       0.001480            0.000269        -0.001456          157.0 

0.2683       0.001485            0.000271        -0.001460          158.0 

0.2673       0.001490            0.000273        -0.001465          159.0 

0.2663       0.001495            0.000274        -0.001470          160.0 

0.2653       0.001500            0.000276        -0.001474          161.0 

0.2643       0.001505            0.000278        -0.001479          162.0 

0.2633       0.001509            0.000280        -0.001483          163.0 

0.2623       0.001514            0.000281        -0.001487          164.0 

0.2613       0.001518            0.000283        -0.001492          165.0 

0.2603       0.001523            0.000285        -0.001496          166.0 

0.2593       0.001527            0.000287        -0.001500          167.0 

0.2583       0.001532            0.000288        -0.001504          168.0 

0.2573       0.001536            0.000290        -0.001508          169.0 

0.2563       0.001540            0.000292        -0.001512          170.0 

0.2553       0.001544            0.000294        -0.001516          171.0 

0.2543       0.001548            0.000295        -0.001520          172.0 

0.2533       0.001553            0.000297        -0.001524          173.0 

0.2523       0.001557            0.000299        -0.001528          174.0 

0.2513       0.001560            0.000301        -0.001531          175.0 

0.2503       0.001564            0.000302        -0.001535          176.0 

0.2493       0.001568            0.000304        -0.001538          177.0 

0.2483       0.001572            0.000306        -0.001542          178.0 

0.2473       0.001575            0.000308        -0.001545          179.0 

0.2463       0.001579            0.000309        -0.001549          180.0 

0.2453       0.001583            0.000311        -0.001552          181.0 

0.2443       0.001586            0.000313        -0.001555          182.0 

0.2433       0.001590            0.000314        -0.001558          183.0 

0.2423       0.001593            0.000316        -0.001561          184.0 

0.2413       0.001596            0.000318        -0.001564          185.0 

0.2403       0.001599            0.000320        -0.001567          186.0 

0.2393       0.001603            0.000321        -0.001570          187.0 

0.2383       0.001606            0.000323        -0.001573          188.0 

0.2373       0.001609            0.000325        -0.001576          189.0 

0.2363       0.001612            0.000326        -0.001578          190.0 

0.2353       0.001615            0.000328        -0.001581          191.0 

0.2343       0.001617            0.000330        -0.001583          192.0 

0.2333       0.001620            0.000331        -0.001586          193.0 

0.2323       0.001623            0.000333        -0.001588          194.0 

0.2313       0.001626            0.000335        -0.001591          195.0 

0.2303       0.001628            0.000336        -0.001593          196.0 

0.2293       0.001631            0.000338        -0.001595          197.0 

0.2283       0.001633            0.000340        -0.001597          198.0 

0.2273       0.001635            0.000342        -0.001599          199.0 

0.2263       0.001638            0.000343        -0.001601          200.0 

0.2253       0.001640            0.000345        -0.001603          201.0 

0.2243       0.001642            0.000347        -0.001605          202.0 

0.2233       0.001644            0.000348        -0.001607          203.0 

0.2223       0.001646            0.000350        -0.001609          204.0 

0.2213       0.001648            0.000351        -0.001610          205.0 

0.2203       0.001650            0.000353        -0.001612          206.0 

0.2193       0.001652            0.000355        -0.001614          207.0 

0.2183       0.001654            0.000356        -0.001615          208.0 

0.2173       0.001656            0.000358        -0.001616          209.0 

0.2163       0.001657            0.000360        -0.001618          210.0 

0.2153       0.001659            0.000361        -0.001619          211.0 

0.2143       0.001660            0.000363        -0.001620          212.0 

0.2133       0.001662            0.000365        -0.001621          213.0 

0.2122       0.001663            0.000366        -0.001622          214.0 

0.2112       0.001665            0.000368        -0.001623          215.0 

0.2102       0.001666            0.000369        -0.001624          216.0 

0.2092       0.001667            0.000371        -0.001625          217.0 

0.2082       0.001668            0.000373        -0.001626          218.0 

0.2072       0.001669            0.000374        -0.001627          219.0 

0.2062       0.001670            0.000376        -0.001627          220.0 

0.2052       0.001671            0.000377        -0.001628          221.0 

0.2042       0.001672            0.000379        -0.001628          222.0 

0.2032       0.001673            0.000381        -0.001629          223.0 

0.2022       0.001673            0.000382        -0.001629          224.0 

0.2012       0.001674            0.000384        -0.001629          225.0 

0.2002       0.001675            0.000385        -0.001630          226.0 

0.1992       0.001675            0.000387        -0.001630          227.0 

0.1982       0.001676            0.000389        -0.001630          228.0 

0.1972       0.001676            0.000390        -0.001630          229.0 

0.1962       0.001676            0.000392        -0.001630          230.0 

0.1952       0.001677            0.000393        -0.001630          231.0 

0.1942       0.001677            0.000395        -0.001630          232.0 

0.1932       0.001677            0.000396        -0.001629          233.0 

0.1922       0.001677            0.000398        -0.001629          234.0 

0.1912       0.001677            0.000399        -0.001629          235.0 

0.1902       0.001677            0.000401        -0.001628          236.0 

0.1892       0.001677            0.000402        -0.001628          237.0 

0.1882       0.001676            0.000404        -0.001627          238.0 

0.1872       0.001676            0.000405        -0.001626          239.0 

0.1862       0.001676            0.000407        -0.001626          240.0 

0.1852       0.001675            0.000408        -0.001625          241.0 

0.1842       0.001675            0.000410        -0.001624          242.0 

0.1832       0.001674            0.000411        -0.001623          243.0 

0.1822       0.001674            0.000413        -0.001622          244.0 

0.1812       0.001673            0.000414        -0.001621          245.0 

0.1802       0.001672            0.000416        -0.001620          246.0 

0.1792       0.001671            0.000417        -0.001619          247.0 

0.1782       0.001671            0.000419        -0.001617          248.0 

0.1772       0.001670            0.000420        -0.001616          249.0 

0.1762       0.001669            0.000422        -0.001614          250.0 

0.1752       0.001667            0.000423        -0.001613          251.0 

0.1742       0.001666            0.000425        -0.001611          252.0 

0.1732       0.001665            0.000426        -0.001610          253.0 

0.1722       0.001664            0.000428        -0.001608          254.0 

0.1712       0.001662            0.000429        -0.001606          255.0 

0.1702       0.001661            0.000430        -0.001604          256.0 

0.1692       0.001660            0.000432        -0.001602          257.0 

0.1682       0.001658            0.000433        -0.001600          258.0 

0.1672       0.001656            0.000435        -0.001598          259.0 

0.1662       0.001655            0.000436        -0.001596          260.0 

0.1652       0.001653            0.000437        -0.001594          261.0 

0.1642       0.001651            0.000439        -0.001592          262.0 

0.1632       0.001649            0.000440        -0.001589          263.0 

0.1622       0.001647            0.000442        -0.001587          264.0 

0.1612       0.001645            0.000443        -0.001584          265.0 

0.1602       0.001643            0.000444        -0.001582          266.0 

0.1592       0.001641            0.000446        -0.001579          267.0 

0.1582       0.001639            0.000447        -0.001576          268.0 

0.1572       0.001636            0.000448        -0.001574          269.0 

0.1562       0.001634            0.000450        -0.001571          270.0 

0.1552       0.001632            0.000451        -0.001568          271.0 

0.1542       0.001629            0.000452        -0.001565          272.0 

0.1532       0.001626            0.000454        -0.001562          273.0 

0.1522       0.001624            0.000455        -0.001559          274.0 

0.1512       0.001621            0.000456        -0.001556          275.0 

0.1502       0.001618            0.000458        -0.001552          276.0 

0.1492       0.001616            0.000459        -0.001549          277.0 

0.1482       0.001613            0.000460        -0.001546          278.0 

0.1472       0.001610            0.000461        -0.001542          279.0 

0.1462       0.001607            0.000463        -0.001539          280.0 

0.1452       0.001604            0.000464        -0.001535          281.0 

0.1442       0.001600            0.000465        -0.001531          282.0 

0.1432       0.001597            0.000466        -0.001528          283.0 

0.1422       0.001594            0.000468        -0.001524          284.0 

0.1412       0.001591            0.000469        -0.001520          285.0 

0.1402       0.001587            0.000470        -0.001516          286.0 

0.1392       0.001584            0.000471        -0.001512          287.0 

0.1382       0.001580            0.000473        -0.001508          288.0 

0.1372       0.001577            0.000474        -0.001504          289.0 

0.1362       0.001573            0.000475        -0.001499          290.0 

0.1352       0.001569            0.000476        -0.001495          291.0 

0.1342       0.001565            0.000477        -0.001491          292.0 

0.1332       0.001561            0.000479        -0.001486          293.0 

0.1322       0.001557            0.000480        -0.001482          294.0 

0.1312       0.001553            0.000481        -0.001477          295.0 

0.1302       0.001549            0.000482        -0.001473          296.0 

0.1292       0.001545            0.000483        -0.001468          297.0 

0.1282       0.001541            0.000484        -0.001463          298.0 

0.1271       0.001537            0.000486        -0.001458          299.0 

0.1261       0.001533            0.000487        -0.001453          300.0 

0.1251       0.001528            0.000488        -0.001448          301.0 

0.1241       0.001524            0.000489        -0.001443          302.0 

0.1231       0.001519            0.000490        -0.001438          303.0 

0.1221       0.001515            0.000491        -0.001433          304.0 

0.1211       0.001510            0.000492        -0.001428          305.0 

0.1201       0.001505            0.000493        -0.001422          306.0 

0.1191       0.001501            0.000494        -0.001417          307.0 

0.1181       0.001496            0.000495        -0.001411          308.0 

0.1171       0.001491            0.000497        -0.001406          309.0 

0.1161       0.001486            0.000498        -0.001400          310.0 

0.1151       0.001481            0.000499        -0.001394          311.0 

0.1141       0.001476            0.000500        -0.001389          312.0 

0.1131       0.001471            0.000501        -0.001383          313.0 

0.1121       0.001465            0.000502        -0.001377          314.0 

0.1111       0.001460            0.000503        -0.001371          315.0 

0.1101       0.001455            0.000504        -0.001365          316.0 

0.1091       0.001450            0.000505        -0.001359          317.0 

0.1081       0.001444            0.000506        -0.001353          318.0 

0.1071       0.001439            0.000507        -0.001346          319.0 

0.1061       0.001433            0.000508        -0.001340          320.0 

0.1051       0.001427            0.000509        -0.001334          321.0 

0.1041       0.001422            0.000510        -0.001327          322.0 

0.1031       0.001416            0.000511        -0.001321          323.0 

0.1021       0.001410            0.000512        -0.001314          324.0 

0.1011       0.001404            0.000512        -0.001308          325.0 

0.1001       0.001398            0.000513        -0.001301          326.0 

0.0991       0.001392            0.000514        -0.001294          327.0 

0.0981       0.001386            0.000515        -0.001287          328.0 

0.0971       0.001380            0.000516        -0.001280          329.0 

0.0961       0.001374            0.000517        -0.001273          330.0 

0.0951       0.001368            0.000518        -0.001266          331.0 

0.0941       0.001362            0.000519        -0.001259          332.0 

0.0931       0.001355            0.000520        -0.001252          333.0 

0.0921       0.001349            0.000521        -0.001245          334.0 

0.0911       0.001343            0.000521        -0.001237          335.0 

0.0901       0.001336            0.000522        -0.001230          336.0 

0.0891       0.001329            0.000523        -0.001222          337.0 

0.0881       0.001323            0.000524        -0.001215          338.0 

0.0871       0.001316            0.000525        -0.001207          339.0 

0.0861       0.001309            0.000526        -0.001199          340.0 

0.0851       0.001303            0.000526        -0.001192          341.0 

0.0841       0.001296            0.000527        -0.001184          342.0 

0.0831       0.001289            0.000528        -0.001176          343.0 

0.0821       0.001282            0.000529        -0.001168          344.0 

0.0811       0.001275            0.000529        -0.001160          345.0 

0.0801       0.001268            0.000530        -0.001152          346.0 

0.0791       0.001261            0.000531        -0.001144          347.0 

0.0781       0.001254            0.000532        -0.001135          348.0 

0.0771       0.001246            0.000532        -0.001127          349.0 

0.0761       0.001239            0.000533        -0.001119          350.0 

0.0751       0.001232            0.000534        -0.001110          351.0 

0.0741       0.001224            0.000535        -0.001102          352.0 

0.0731       0.001217            0.000535        -0.001093          353.0 

0.0721       0.001210            0.000536        -0.001084          354.0 

0.0711       0.001202            0.000537        -0.001076          355.0 

0.0701       0.001194            0.000537        -0.001067          356.0 

0.0691       0.001187            0.000538        -0.001058          357.0 

0.0681       0.001179            0.000539        -0.001049          358.0 

0.0671       0.001171            0.000539        -0.001040          359.0 

0.0661       0.001163            0.000540        -0.001031          360.0 

0.0651       0.001156            0.000540        -0.001021          361.0 

0.0641       0.001148            0.000541        -0.001012          362.0 

0.0631       0.001140            0.000542        -0.001003          363.0 

0.0621       0.001132            0.000542        -0.000993          364.0 

0.0611       0.001124            0.000543        -0.000984          365.0 

0.0601       0.001116            0.000543        -0.000974          366.0 

0.0591       0.001107            0.000544        -0.000965          367.0 

0.0581       0.001099            0.000545        -0.000955          368.0 

0.0571       0.001091            0.000545        -0.000945          369.0 

0.0561       0.001083            0.000546        -0.000935          370.0 

0.0551       0.001074            0.000546        -0.000925          371.0 

0.0541       0.001066            0.000547        -0.000915          372.0 

0.0531       0.001058            0.000547        -0.000905          373.0 

0.0521       0.001049            0.000548        -0.000895          374.0 

0.0511       0.001041            0.000548        -0.000884          375.0 

0.0501       0.001032            0.000549        -0.000874          376.0 

0.0491       0.001023            0.000549        -0.000864          377.0 

0.0481       0.001015            0.000550        -0.000853          378.0 

0.0471       0.001006            0.000550        -0.000842          379.0 

0.0461       0.000997            0.000551        -0.000832          380.0 

0.0451       0.000989            0.000551        -0.000821          381.0 

0.0441       0.000980            0.000551        -0.000810          382.0 

0.0431       0.000971            0.000552        -0.000799          383.0 

0.0420       0.000962            0.000552        -0.000788          384.0 

0.0410       0.000953            0.000553        -0.000777          385.0 

0.0400       0.000944            0.000553        -0.000765          386.0 

0.0390       0.000935            0.000553        -0.000754          387.0 

0.0380       0.000926            0.000554        -0.000742          388.0 

0.0370       0.000917            0.000554        -0.000731          389.0 

0.0360       0.000908            0.000555        -0.000719          390.0 

0.0350       0.000899            0.000555        -0.000707          391.0 

0.0340       0.000890            0.000555        -0.000695          392.0 

0.0330       0.000880            0.000556        -0.000683          393.0 

0.0320       0.000871            0.000556        -0.000671          394.0 

0.0310       0.000862            0.000556        -0.000659          395.0 

0.0300       0.000853            0.000556        -0.000646          396.0 

0.0290       0.000843            0.000557        -0.000633          397.0 

0.0280       0.000834            0.000557        -0.000621          398.0 

0.0270       0.000825            0.000557        -0.000608          399.0 

0.0260       0.000815            0.000558        -0.000595          400.0 

0.0250       0.000806            0.000558        -0.000582          401.0 

0.0240       0.000796            0.000558        -0.000568          402.0 

0.0230       0.000787            0.000558        -0.000555          403.0 

0.0220       0.000778            0.000558        -0.000541          404.0 

0.0210       0.000768            0.000559        -0.000527          405.0 

0.0200       0.000759            0.000559        -0.000513          406.0 

0.0190       0.000749            0.000559        -0.000499          407.0 

0.0180       0.000740            0.000559        -0.000484          408.0 

0.0170       0.000730            0.000559        -0.000469          409.0 

0.0160       0.000721            0.000560        -0.000454          410.0 

0.0150       0.000711            0.000560        -0.000439          411.0 

0.0140       0.000702            0.000560        -0.000423          412.0 

0.0130       0.000692            0.000560        -0.000407          413.0 

0.0120       0.000683            0.000560        -0.000390          414.0 

0.0110       0.000673            0.000560        -0.000373          415.0 

0.0100       0.000664            0.000560        -0.000356          416.0 

0.0090       0.000654            0.000560        -0.000338          417.0 

0.0080       0.000645            0.000561        -0.000319          418.0 

0.0070       0.000635            0.000561        -0.000299          419.0 

0.0060       0.000626            0.000561        -0.000278          420.0 

0.0050       0.000617            0.000561        -0.000256          421.0 

0.0040       0.000607            0.000561        -0.000232          422.0 

0.0030       0.000597            0.000561        -0.000206          423.0 

0.0020       0.000588            0.000561        -0.000175          424.0 

0.0010       0.000577            0.000561        -0.000136          425.0 

0.0000       0.000569            0.000561        -0.000094          426.0 

